-1.712902262806892395e-02,
-1.473430916666984558e-02,
-1.617035716772079468e-01,
-1.793945580720901489e-01,
5.877189687453210354e-04,
-2.792804539203643799e-01,
-1.729744523763656616e-01,
-2.922645807266235352e-01,
-1.570683717727661133e-01,
-1.416653394699096680e-03,
-7.305144518613815308e-02,
-3.037764132022857666e-01,
6.623192876577377319e-02,
-4.287010803818702698e-02,
-2.512689828872680664e-01,
-5.076450109481811523e-01,
-1.427711993455886841e-01,
5.271727591753005981e-02,
-2.118517756462097168e-01,
-9.421212971210479736e-02,
-7.709014695137739182e-03,
-1.611700803041458130e-01,
4.543458670377731323e-02,
6.472039222717285156e-02,
-2.539143860340118408e-01,
-3.169136643409729004e-01,
-3.101136088371276855e-01,
1.939676469191908836e-03,
-9.417901188135147095e-02,
-1.793350577354431152e-01,
-1.177535951137542725e-02,
-9.132971055805683136e-03,
9.253644943237304688e-02,
-1.790026426315307617e-01,
-1.187410801649093628e-01,
-1.196714788675308228e-01,
-3.534206151962280273e-01,
-2.574200034141540527e-01,
-2.741973698139190674e-01,
-4.291696101427078247e-02,
6.573598831892013550e-03,
-1.882480829954147339e-01,
-1.747166216373443604e-01,
-4.753272607922554016e-02,
-1.158152669668197632e-01,
-6.611616909503936768e-02,
-2.406557947397232056e-01,
-1.725589036941528320e-01,
-1.957788169384002686e-01,
-2.574551291763782501e-02,
-8.907706476747989655e-03,
-3.836869895458221436e-01,
-6.594754010438919067e-02,
-5.228519439697265625e-01,
-1.733067482709884644e-01,
-4.579615592956542969e-01,
1.248014345765113831e-02,
-3.564795553684234619e-01,
2.052877657115459442e-02,
-4.882442578673362732e-02,
-1.563870012760162354e-01,
-3.500040620565414429e-02,
-2.497656792402267456e-01,
-2.854614555835723877e-01,
-8.470857888460159302e-02,
-1.164717897772789001e-01,
-2.409066110849380493e-01,
-1.631834208965301514e-01,
-3.077804446220397949e-01,
-4.818199574947357178e-02,
-3.991045951843261719e-01,
-2.616666257381439209e-01,
-3.897016942501068115e-01,
-1.498393416404724121e-01,
-2.090783566236495972e-01,
-1.338506191968917847e-01,
-2.564394474029541016e-01,
-7.961291819810867310e-02,
-7.949881255626678467e-02,
-1.471300423145294189e-01,
-4.432736933231353760e-01,
-7.731942832469940186e-02,
-2.368685454130172729e-01,
-4.497378692030906677e-02,
4.872708767652511597e-02,
-7.194077223539352417e-02,
-3.554970622062683105e-01,
-4.822227731347084045e-02,
1.144076660275459290e-01,
-2.811236679553985596e-01,
-2.287145107984542847e-01,
-6.509404629468917847e-02,
-5.742394328117370605e-01,
-1.537766158580780029e-01,
-3.946959078311920166e-01,
-4.883335828781127930e-01,
-2.268257923424243927e-02,
-2.967908680438995361e-01,
-1.659014225006103516e-01,
6.631867587566375732e-02,
