-1.953633874654769897e-01,
-3.106771036982536316e-02,
-2.475752085447311401e-01,
-1.536595821380615234e-01,
-3.120043277740478516e-01,
-2.238102108240127563e-01,
-2.126726508140563965e-02,
-3.396334052085876465e-01,
-2.135500013828277588e-01,
-4.604491591453552246e-01,
-1.986644044518470764e-02,
-3.703257739543914795e-01,
-9.237260371446609497e-02,
-7.865705341100692749e-02,
-2.926800772547721863e-02,
-1.910419762134552002e-01,
-2.758451700210571289e-01,
-1.316172480583190918e-01,
-4.679821431636810303e-01,
-1.631202101707458496e-01,
-8.001635223627090454e-02,
-3.825734257698059082e-01,
-1.130076795816421509e-01,
-3.217844069004058838e-01,
8.761487901210784912e-02,
-2.075417339801788330e-01,
-1.931270658969879150e-01,
-9.656684100627899170e-02,
-1.342774331569671631e-01,
-1.522662937641143799e-01,
-1.810498982667922974e-01,
-1.707149744033813477e-01,
-9.797270596027374268e-02,
-2.049867957830429077e-01,
-1.354476250708103180e-02,
-1.414914429187774658e-01,
-2.515849769115447998e-01,
-2.177466899156570435e-01,
-1.216362789273262024e-01,
1.180277857929468155e-02,
-6.622297763824462891e-01,
-2.321332991123199463e-01,
-4.753114581108093262e-01,
5.374335497617721558e-02,
-2.074165791273117065e-01,
-3.315862715244293213e-01,
-3.627020716667175293e-01,
-1.746401786804199219e-01,
-2.653188109397888184e-01,
-3.177926242351531982e-01,
1.879138201475143433e-01,
-1.091409102082252502e-01,
-6.556793302297592163e-02,
-4.216504395008087158e-01,
-2.781862914562225342e-01,
1.434551784768700600e-03,
-5.789416283369064331e-02,
-1.812364757061004639e-01,
7.637988775968551636e-02,
-4.191330447793006897e-02,
-1.316752284765243530e-01,
-5.768780410289764404e-02,
-3.164537623524665833e-02,
-2.586314380168914795e-01,
-1.550712883472442627e-01,
-2.902328968048095703e-01,
-7.549170404672622681e-02,
-2.866210937500000000e-01,
-1.014598235487937927e-01,
-3.661712110042572021e-01,
-2.284723520278930664e-01,
-2.220955118536949158e-02,
-3.220383524894714355e-01,
-2.874850034713745117e-01,
-1.566756069660186768e-01,
-1.403409391641616821e-01,
5.520100146532058716e-02,
-4.537261724472045898e-01,
-6.091663986444473267e-02,
-1.405289471149444580e-01,
-1.047293692827224731e-01,
-3.919015079736709595e-02,
-1.130715757608413696e-01,
-3.042725026607513428e-01,
-1.122946441173553467e-01,
-7.046891748905181885e-02,
-8.479019254446029663e-02,
-3.481004238128662109e-01,
-1.106133460998535156e-01,
-2.449531294405460358e-02,
-4.932378232479095459e-01,
-7.762163132429122925e-02,
-2.286182940006256104e-01,
-2.443289197981357574e-02,
-5.551305413246154785e-01,
-2.260278016328811646e-01,
-1.724545508623123169e-01,
-2.784392237663269043e-01,
-2.763387560844421387e-01,
-4.593303427100181580e-02,
