6.781163159757852554e-03,
-5.409652739763259888e-02,
3.560963273048400879e-02,
3.178317472338676453e-02,
9.900618344545364380e-03,
6.256984174251556396e-02,
9.588656015694141388e-03,
2.183323539793491364e-02,
4.975318908691406250e-02,
4.898150265216827393e-02,
5.282510444521903992e-02,
2.979888208210468292e-02,
1.516610663384199142e-02,
2.041143551468849182e-02,
2.122923173010349274e-02,
7.846239022910594940e-03,
1.215341314673423767e-02,
1.301908306777477264e-02,
2.201064676046371460e-02,
6.226595491170883179e-02,
1.460779551416635513e-02,
5.488601326942443848e-02,
-6.887575984001159668e-02,
-6.314617395401000977e-02,
4.651752114295959473e-02,
2.167133428156375885e-02,
-7.291658222675323486e-02,
2.214285358786582947e-02,
2.659156173467636108e-02,
3.304061666131019592e-02,
6.258490681648254395e-02,
-2.116828225553035736e-02,
3.617462515830993652e-02,
5.956216529011726379e-02,
6.184853240847587585e-02,
1.311441063880920410e-01,
-1.034173555672168732e-02,
1.903393678367137909e-02,
-9.722073562443256378e-03,
2.337614633142948151e-02,
6.357138603925704956e-02,
5.808699410408735275e-03,
5.191326141357421875e-02,
4.907714203000068665e-02,
2.470923960208892822e-02,
3.093117848038673401e-02,
1.974795572459697723e-02,
3.229793906211853027e-02,
3.519288823008537292e-02,
4.334487766027450562e-02,
1.730092987418174744e-02,
5.622214823961257935e-02,
-4.636442754417657852e-04,
5.467931926250457764e-02,
1.333224214613437653e-02,
2.483678236603736877e-02,
-9.830775856971740723e-02,
-2.687563537620007992e-04,
4.682525619864463806e-02,
4.540557414293289185e-02,
5.187250673770904541e-02,
2.732120640575885773e-02,
5.268395692110061646e-02,
1.369256619364023209e-02,
5.189367383718490601e-02,
6.268884241580963135e-02,
-9.998138993978500366e-04,
-1.098284777253866196e-02,
2.910310216248035431e-02,
9.058989584445953369e-02,
4.403784126043319702e-02,
5.937709659337997437e-02,
4.093331471085548401e-02,
6.010272353887557983e-02,
4.283323138952255249e-02,
4.961578920483589172e-02,
-2.434220165014266968e-03,
6.055551394820213318e-02,
3.713963553309440613e-02,
5.084757506847381592e-02,
5.608334764838218689e-02,
-3.099304437637329102e-02,
2.285184711217880249e-02,
7.438673824071884155e-02,
5.787365138530731201e-02,
7.586154341697692871e-02,
-1.242908611893653870e-01,
-1.008415967226028442e-02,
6.293734163045883179e-02,
5.153029412031173706e-02,
4.957010969519615173e-02,
4.546286165714263916e-02,
5.012547969818115234e-02,
2.224651351571083069e-02,
2.864218875765800476e-02,
-8.343414217233657837e-02,
2.929348498582839966e-02,
1.753342337906360626e-02,
1.096885837614536285e-02,
-4.184470325708389282e-02,
