-1.614446789026260376e-01,
-2.747718691825866699e-01,
-1.125027909874916077e-01,
-2.073502838611602783e-01,
-2.825913131237030029e-01,
-1.703113168478012085e-01,
-2.779837250709533691e-01,
-4.980864226818084717e-01,
-1.454590260982513428e-01,
-2.626745402812957764e-01,
-1.509423851966857910e-01,
-2.693529427051544189e-01,
-8.289171010255813599e-02,
-5.936981737613677979e-02,
-1.538940966129302979e-01,
-1.874467879533767700e-01,
-1.768394857645034790e-01,
-4.577359855175018311e-01,
-2.677413821220397949e-01,
-3.801809549331665039e-01,
-4.248391687870025635e-01,
-1.526622176170349121e-01,
-8.994143456220626831e-02,
-2.221133559942245483e-01,
-8.136681281030178070e-03,
-2.421261519193649292e-01,
-2.076924145221710205e-01,
-1.609143465757369995e-01,
-2.782672345638275146e-01,
-2.739166021347045898e-01,
-4.602047801017761230e-01,
-1.954350769519805908e-01,
-2.345914095640182495e-01,
-1.854736059904098511e-01,
-3.984747231006622314e-01,
-2.894938290119171143e-01,
-2.403728663921356201e-01,
-3.387005627155303955e-01,
-4.360625445842742920e-01,
-2.688501263037323952e-04,
-2.181847244501113892e-01,
-4.739882647991180420e-01,
-1.469022929668426514e-01,
-2.679274603724479675e-02,
-1.902187317609786987e-01,
-2.360747009515762329e-01,
-1.755603998899459839e-01,
-3.293905258178710938e-01,
-2.939961850643157959e-01,
-2.311777472496032715e-01,
-5.014736205339431763e-02,
-2.693021893501281738e-01,
-1.968691498041152954e-01,
-2.078221291303634644e-01,
-2.616488635540008545e-01,
-1.579787954688072205e-02,
-8.888918906450271606e-02,
-2.745028138160705566e-01,
-4.965333640575408936e-01,
-1.412763446569442749e-01,
-3.256147354841232300e-02,
2.056713774800300598e-02,
-1.961828470230102539e-01,
-4.749038815498352051e-01,
-8.321207016706466675e-02,
-6.010562554001808167e-02,
-5.813938379287719727e-01,
-5.812761187553405762e-01,
1.871056854724884033e-01,
-1.238682270050048828e-01,
-3.511670529842376709e-01,
-1.185434535145759583e-01,
-4.395355582237243652e-01,
-3.106724023818969727e-01,
-3.600413203239440918e-01,
-2.544372677803039551e-01,
-1.993535831570625305e-02,
-2.332206219434738159e-01,
-2.987712025642395020e-01,
-1.935429126024246216e-01,
8.699775673449039459e-03,
-9.630539268255233765e-02,
-4.462120831012725830e-01,
-1.787800043821334839e-01,
-2.555140852928161621e-01,
-5.473971366882324219e-01,
-2.594106197357177734e-01,
-4.888910949230194092e-01,
-4.365116357803344727e-01,
-1.078178361058235168e-02,
-1.905716955661773682e-01,
-2.643643617630004883e-01,
-6.944274902343750000e-02,
-3.484334647655487061e-01,
-1.426409035921096802e-01,
-2.057734429836273193e-01,
-4.846487939357757568e-01,
-4.099537134170532227e-01,
-4.018346071243286133e-01,
-2.176608741283416748e-01,
