-1.500468552112579346e-01,
-1.109610125422477722e-02,
-1.097720786929130554e-01,
5.840978771448135376e-02,
-1.767000257968902588e-01,
1.929663717746734619e-01,
-4.024218395352363586e-02,
-1.449445635080337524e-01,
3.080483675003051758e-01,
-4.675054922699928284e-02,
-1.553274095058441162e-01,
-1.783284991979598999e-01,
4.870788455009460449e-01,
-1.675294339656829834e-01,
2.619518339633941650e-01,
4.658150076866149902e-01,
-1.639862917363643646e-02,
2.710301578044891357e-01,
2.359826564788818359e-01,
2.108218520879745483e-01,
3.009066544473171234e-02,
2.350265085697174072e-01,
-7.597601413726806641e-02,
6.460332274436950684e-01,
1.066174879670143127e-01,
4.524965286254882812e-01,
-1.813283115625381470e-01,
3.756686672568321228e-02,
-2.094480246305465698e-01,
-9.989317506551742554e-02,
3.027354478836059570e-01,
2.697719931602478027e-01,
-1.597784310579299927e-01,
3.372775763273239136e-02,
-1.096501722931861877e-01,
-1.291710436344146729e-01,
5.110585689544677734e-01,
-1.799475848674774170e-01,
8.804608881473541260e-02,
-1.466995477676391602e-01,
3.173817694187164307e-01,
-3.240485861897468567e-02,
-7.677992433309555054e-02,
2.863037027418613434e-02,
3.547644913196563721e-01,
3.588791936635971069e-02,
-1.054999306797981262e-01,
-2.306425720453262329e-01,
-6.617326289415359497e-02,
3.576339483261108398e-01,
4.550850987434387207e-01,
3.789308965206146240e-01,
-1.515960842370986938e-01,
-2.243593335151672363e-01,
3.499065041542053223e-01,
-9.184174239635467529e-02,
-9.813512861728668213e-02,
-5.739868059754371643e-02,
-1.912932097911834717e-01,
-6.023132428526878357e-02,
-2.845429629087448120e-02,
-1.782791316509246826e-01,
-9.539064019918441772e-02,
2.387570887804031372e-01,
4.070392251014709473e-01,
3.255296945571899414e-01,
1.201497614383697510e-01,
3.620831966400146484e-01,
-7.268115133047103882e-02,
-1.336805224418640137e-01,
-7.181604206562042236e-02,
2.565667927265167236e-01,
-3.543422520160675049e-01,
-6.088659167289733887e-02,
3.131870925426483154e-01,
3.590788245201110840e-01,
-8.962662518024444580e-02,
-4.352208599448204041e-02,
4.336780011653900146e-01,
-7.392760366201400757e-02,
4.111448228359222412e-01,
-2.476201392710208893e-03,
-2.195546925067901611e-01,
-1.298057585954666138e-01,
1.816090345382690430e-01,
-5.176398158073425293e-02,
2.867226302623748779e-01,
-1.672801971435546875e-01,
1.770881935954093933e-02,
-1.780616790056228638e-01,
-8.773846179246902466e-02,
-3.075501024723052979e-01,
2.598939649760723114e-02,
-5.940577387809753418e-02,
3.744805455207824707e-01,
9.726213663816452026e-02,
-1.248921602964401245e-01,
3.757252991199493408e-01,
-1.779499799013137817e-01,
2.438847720623016357e-01,
