-2.162750512361526489e-01,
6.716749072074890137e-02,
8.212668821215629578e-03,
-9.931686520576477051e-02,
-2.859857678413391113e-01,
-3.902859985828399658e-02,
-1.182232350111007690e-01,
-9.977507591247558594e-02,
-1.836971342563629150e-01,
-3.359826505184173584e-01,
-1.272450685501098633e-01,
-4.511198699474334717e-01,
4.733923077583312988e-02,
-1.037482991814613342e-01,
-3.119249045848846436e-01,
-3.220695853233337402e-01,
-1.619347333908081055e-01,
-7.642560452222824097e-02,
-1.660647392272949219e-01,
-2.237721681594848633e-01,
-3.296298384666442871e-01,
-1.437359601259231567e-01,
-9.143140912055969238e-02,
-1.109055653214454651e-01,
-3.765624761581420898e-01,
3.674756363034248352e-02,
-1.581754535436630249e-01,
-1.902173459529876709e-01,
-8.306122571229934692e-02,
-1.379448473453521729e-01,
-1.024789959192276001e-01,
-5.008021742105484009e-02,
-1.043037474155426025e-01,
-5.182804465293884277e-01,
5.275530368089675903e-02,
-1.411893665790557861e-01,
-2.645778059959411621e-01,
-3.889739513397216797e-01,
-1.870305836200714111e-01,
1.397010087966918945e-01,
-1.927850097417831421e-01,
-4.845379292964935303e-01,
-1.285524815320968628e-01,
-1.584970802068710327e-01,
-3.196511268615722656e-01,
-9.271033853292465210e-02,
-3.384344577789306641e-01,
-1.828706860542297363e-01,
-1.805587857961654663e-01,
-4.768752679228782654e-02,
-4.265505075454711914e-01,
-3.865275159478187561e-02,
-1.269360482692718506e-01,
-1.043186485767364502e-01,
-1.525607854127883911e-01,
-6.520483177155256271e-03,
-1.160202845931053162e-01,
-3.606933057308197021e-01,
2.904548682272434235e-02,
5.557366088032722473e-02,
-4.050066173076629639e-01,
-6.268426775932312012e-03,
3.355925902724266052e-02,
-2.133633047342300415e-01,
-1.549815535545349121e-01,
-1.978702694177627563e-01,
-1.442288756370544434e-01,
-3.233856558799743652e-01,
-2.816236913204193115e-01,
-5.032773613929748535e-01,
-4.708116352558135986e-01,
-3.216219544410705566e-01,
-1.366628110408782959e-01,
-1.643304377794265747e-01,
-3.065134882926940918e-01,
-1.184764429926872253e-01,
-1.681622564792633057e-01,
-4.440821111202239990e-01,
-1.707165688276290894e-02,
-2.217506468296051025e-01,
-4.028840363025665283e-01,
-1.282224990427494049e-02,
-6.722979247570037842e-02,
-4.082714915275573730e-01,
4.764646291732788086e-03,
-4.910021647810935974e-02,
-2.345626242458820343e-02,
-2.328069955110549927e-01,
-4.065644741058349609e-01,
-1.321965157985687256e-01,
-2.334434986114501953e-01,
-2.550098001956939697e-01,
-7.630227506160736084e-02,
-3.232128322124481201e-01,
1.508807539939880371e-01,
-3.556096255779266357e-01,
5.918094143271446228e-02,
-3.669897019863128662e-01,
-2.888061404228210449e-01,
4.016265447717159986e-04,
